%YAML:1.0
---
Exactitud_Calibracion: 1.2828032308274926e+00
Matriz_Camara: !!opencv-matrix
   rows: 3
   cols: 3
   dt: d
   data: [ 5.6923637946777239e+02, 0., 320., 0., 5.6923637946777239e+02,
       240., 0., 0., 1. ]
Coeficientes_Distorcion: !!opencv-matrix
   rows: 5
   cols: 1
   dt: d
   data: [ 7.8281312725370034e-02, -8.6547571125722800e-01, 0., 0.,
       2.0132210502368699e+00 ]
Vector_Rotacion:
   - !!opencv-matrix
      rows: 3
      cols: 1
      dt: d
      data: [ -1.0963342947360431e-02, -1.1786031066468390e-01,
          -4.1743569098596757e-02 ]
   - !!opencv-matrix
      rows: 3
      cols: 1
      dt: d
      data: [ -5.2788980953595063e-02, -1.6466805374025700e-01,
          -4.1837842377004053e-01 ]
   - !!opencv-matrix
      rows: 3
      cols: 1
      dt: d
      data: [ -6.9429920540076101e-02, -9.4447440588315876e-02,
          1.5627381553677666e+00 ]
   - !!opencv-matrix
      rows: 3
      cols: 1
      dt: d
      data: [ -1.6320912648879367e-02, -3.5953965579589006e-02,
          8.8375267648442546e-01 ]
   - !!opencv-matrix
      rows: 3
      cols: 1
      dt: d
      data: [ -8.4974162428442168e-01, -2.0749513943242058e-02,
          2.0550158499671474e+00 ]
   - !!opencv-matrix
      rows: 3
      cols: 1
      dt: d
      data: [ 3.8830181177894757e-01, -6.4499168882768276e-01,
          1.4971128115149646e+00 ]
   - !!opencv-matrix
      rows: 3
      cols: 1
      dt: d
      data: [ -5.6483537436179443e-01, 1.0707555034211838e+00,
          1.6808712017231182e+00 ]
   - !!opencv-matrix
      rows: 3
      cols: 1
      dt: d
      data: [ 5.9261313047050745e-01, 5.2125353233640281e-01,
          2.0694350619079149e-01 ]
   - !!opencv-matrix
      rows: 3
      cols: 1
      dt: d
      data: [ -8.4245350798376328e-01, 7.7146865880212634e-01,
          1.3630188514513144e+00 ]
   - !!opencv-matrix
      rows: 3
      cols: 1
      dt: d
      data: [ 5.9030803482406441e-02, -1.0740402625077790e+00,
          1.3252056377865207e+00 ]
   - !!opencv-matrix
      rows: 3
      cols: 1
      dt: d
      data: [ 3.1948218004676177e-01, -7.0554585317312535e-01,
          2.3030643647725197e+00 ]
   - !!opencv-matrix
      rows: 3
      cols: 1
      dt: d
      data: [ -8.1440429191637309e-01, -6.5899057149167983e-01,
          1.8712457082870919e+00 ]
   - !!opencv-matrix
      rows: 3
      cols: 1
      dt: d
      data: [ -9.4855348510254078e-01, -3.7467546506950122e-01,
          2.1023649759963745e-01 ]
   - !!opencv-matrix
      rows: 3
      cols: 1
      dt: d
      data: [ 7.8413577104637933e-01, -3.2263123274088090e-01,
          7.9794258744964053e-01 ]
Vector_Traslacion:
   - !!opencv-matrix
      rows: 3
      cols: 1
      dt: d
      data: [ -9.1225474467034772e+01, -7.2617485811023087e+01,
          3.0314194969977996e+02 ]
   - !!opencv-matrix
      rows: 3
      cols: 1
      dt: d
      data: [ -1.1233484715813033e+02, -2.6697061114963343e+01,
          3.4303025389507405e+02 ]
   - !!opencv-matrix
      rows: 3
      cols: 1
      dt: d
      data: [ 5.5603315220822751e+01, -1.0812885068125428e+02,
          3.7019818749269473e+02 ]
   - !!opencv-matrix
      rows: 3
      cols: 1
      dt: d
      data: [ -3.1365922413003073e+01, -1.2619477600513368e+02,
          4.2947227933114084e+02 ]
   - !!opencv-matrix
      rows: 3
      cols: 1
      dt: d
      data: [ 8.0791409865796254e+01, -5.3919438716395995e+01,
          4.9940448739369702e+02 ]
   - !!opencv-matrix
      rows: 3
      cols: 1
      dt: d
      data: [ 6.9781770203773377e+01, -6.2022637518409923e+01,
          2.9177544803224021e+02 ]
   - !!opencv-matrix
      rows: 3
      cols: 1
      dt: d
      data: [ 1.4281915786521853e+02, -4.2921285499119477e+01,
          4.5967697976937023e+02 ]
   - !!opencv-matrix
      rows: 3
      cols: 1
      dt: d
      data: [ -1.5976888128791234e+02, -8.2079282023049487e+01,
          4.0960826252955786e+02 ]
   - !!opencv-matrix
      rows: 3
      cols: 1
      dt: d
      data: [ 4.1007863301297938e+01, -7.8009391591873637e+01,
          4.4404148713553747e+02 ]
   - !!opencv-matrix
      rows: 3
      cols: 1
      dt: d
      data: [ 3.3694075392989674e+01, -7.4821804618992374e+01,
          2.8218550557014220e+02 ]
   - !!opencv-matrix
      rows: 3
      cols: 1
      dt: d
      data: [ 8.1184144361018923e+01, 1.7214161062118421e+01,
          3.2192917889023914e+02 ]
   - !!opencv-matrix
      rows: 3
      cols: 1
      dt: d
      data: [ 8.6669673708447405e+01, -4.8791701706160708e+01,
          4.4260545158966983e+02 ]
   - !!opencv-matrix
      rows: 3
      cols: 1
      dt: d
      data: [ -8.3475682687923808e+01, -6.8160715391462332e+01,
          3.8744317757063277e+02 ]
   - !!opencv-matrix
      rows: 3
      cols: 1
      dt: d
      data: [ -4.9643919871141087e+01, -3.4119318887293538e+01,
          2.8113831509498340e+02 ]
# Vector Rotacion + Vector Translacion
Parametros_Extrinsicos: !!opencv-matrix
   rows: 14
   cols: 6
   dt: d
   data: [ -1.0963342947360431e-02, -1.1786031066468390e-01,
       -4.1743569098596757e-02, -9.1225474467034772e+01,
       -7.2617485811023087e+01, 3.0314194969977996e+02,
       -5.2788980953595063e-02, -1.6466805374025700e-01,
       -4.1837842377004053e-01, -1.1233484715813033e+02,
       -2.6697061114963343e+01, 3.4303025389507405e+02,
       -6.9429920540076101e-02, -9.4447440588315876e-02,
       1.5627381553677666e+00, 5.5603315220822751e+01,
       -1.0812885068125428e+02, 3.7019818749269473e+02,
       -1.6320912648879367e-02, -3.5953965579589006e-02,
       8.8375267648442546e-01, -3.1365922413003073e+01,
       -1.2619477600513368e+02, 4.2947227933114084e+02,
       -8.4974162428442168e-01, -2.0749513943242058e-02,
       2.0550158499671474e+00, 8.0791409865796254e+01,
       -5.3919438716395995e+01, 4.9940448739369702e+02,
       3.8830181177894757e-01, -6.4499168882768276e-01,
       1.4971128115149646e+00, 6.9781770203773377e+01,
       -6.2022637518409923e+01, 2.9177544803224021e+02,
       -5.6483537436179443e-01, 1.0707555034211838e+00,
       1.6808712017231182e+00, 1.4281915786521853e+02,
       -4.2921285499119477e+01, 4.5967697976937023e+02,
       5.9261313047050745e-01, 5.2125353233640281e-01,
       2.0694350619079149e-01, -1.5976888128791234e+02,
       -8.2079282023049487e+01, 4.0960826252955786e+02,
       -8.4245350798376328e-01, 7.7146865880212634e-01,
       1.3630188514513144e+00, 4.1007863301297938e+01,
       -7.8009391591873637e+01, 4.4404148713553747e+02,
       5.9030803482406441e-02, -1.0740402625077790e+00,
       1.3252056377865207e+00, 3.3694075392989674e+01,
       -7.4821804618992374e+01, 2.8218550557014220e+02,
       3.1948218004676177e-01, -7.0554585317312535e-01,
       2.3030643647725197e+00, 8.1184144361018923e+01,
       1.7214161062118421e+01, 3.2192917889023914e+02,
       -8.1440429191637309e-01, -6.5899057149167983e-01,
       1.8712457082870919e+00, 8.6669673708447405e+01,
       -4.8791701706160708e+01, 4.4260545158966983e+02,
       -9.4855348510254078e-01, -3.7467546506950122e-01,
       2.1023649759963745e-01, -8.3475682687923808e+01,
       -6.8160715391462332e+01, 3.8744317757063277e+02,
       7.8413577104637933e-01, -3.2263123274088090e-01,
       7.9794258744964053e-01, -4.9643919871141087e+01,
       -3.4119318887293538e+01, 2.8113831509498340e+02 ]
