%YAML:1.0
Calibrate_Accuracy: 3.7599675272620409e-001
Camera_Matrix: !!opencv-matrix
   rows: 3
   cols: 3
   dt: d
   data: [ 8.1501749606322016e+002, 0., 3.1950000000000000e+002, 0.,
       8.1501749606322016e+002, 2.3950000000000000e+002, 0., 0., 1. ]
Distortion_Coefficients: !!opencv-matrix
   rows: 5
   cols: 1
   dt: d
   data: [ -6.2774279796243893e-002, -1.3722382248069229e+000, 0., 0.,
       1.2887877788299360e+001 ]
Rotation_Vector:
   - !!opencv-matrix
      rows: 3
      cols: 1
      dt: d
      data: [ -1.2892637061439208e-001, -9.7695041174260686e-002,
          1.0347767199349246e-005 ]
   - !!opencv-matrix
      rows: 3
      cols: 1
      dt: d
      data: [ -1.0385227206309303e-001, -1.6254709126511651e-002,
          5.0795377757649152e-001 ]
   - !!opencv-matrix
      rows: 3
      cols: 1
      dt: d
      data: [ 4.3516185873921170e-002, -1.4567031804366576e-001,
          1.5875498608579393e+000 ]
   - !!opencv-matrix
      rows: 3
      cols: 1
      dt: d
      data: [ -9.3531880147530541e-002, -1.7231261093362762e-001,
          2.4971311889682331e+000 ]
   - !!opencv-matrix
      rows: 3
      cols: 1
      dt: d
      data: [ -6.0349308662068157e-001, 6.5009723120225085e-002,
          2.4260766895588666e+000 ]
   - !!opencv-matrix
      rows: 3
      cols: 1
      dt: d
      data: [ 5.3920356682800097e-001, -5.9101869243627980e-001,
          1.6621921074180519e+000 ]
   - !!opencv-matrix
      rows: 3
      cols: 1
      dt: d
      data: [ -1.0470536212054959e+000, 3.7246924004494708e-001,
          2.1807965280482264e+000 ]
   - !!opencv-matrix
      rows: 3
      cols: 1
      dt: d
      data: [ 8.0854323705865050e-001, -4.9350578312756088e-001,
          3.0414258480266017e-002 ]
   - !!opencv-matrix
      rows: 3
      cols: 1
      dt: d
      data: [ -4.7955866442971895e-001, -9.9165562665904061e-001,
          -1.5137177424053652e+000 ]
   - !!opencv-matrix
      rows: 3
      cols: 1
      dt: d
      data: [ 5.9816718991426987e-001, -1.0643098713525214e+000,
          1.3411110960591022e+000 ]
   - !!opencv-matrix
      rows: 3
      cols: 1
      dt: d
      data: [ 2.7790925925381255e-001, -1.2345900520752258e+000,
          1.9073398587789721e+000 ]
   - !!opencv-matrix
      rows: 3
      cols: 1
      dt: d
      data: [ -9.9672062611811929e-001, -1.0458706228319485e+000,
          2.0639383597287941e+000 ]
   - !!opencv-matrix
      rows: 3
      cols: 1
      dt: d
      data: [ -1.4893716285276185e-001, -1.4090654173430215e+000,
          -2.2875052562090241e+000 ]
   - !!opencv-matrix
      rows: 3
      cols: 1
      dt: d
      data: [ 8.8653305291346540e-001, 1.5502898014020891e-001,
          -4.0701335459286492e-001 ]
Translation_vector:
   - !!opencv-matrix
      rows: 3
      cols: 1
      dt: d
      data: [ -1.2418793578642806e+002, -6.6433929872826155e+001,
          6.0016898212638830e+002 ]
   - !!opencv-matrix
      rows: 3
      cols: 1
      dt: d
      data: [ -7.3733940764098051e+001, -1.0478387868770490e+002,
          6.2619456115826381e+002 ]
   - !!opencv-matrix
      rows: 3
      cols: 1
      dt: d
      data: [ 6.8958570699238866e+000, -1.0030892609573820e+002,
          6.9726554514887516e+002 ]
   - !!opencv-matrix
      rows: 3
      cols: 1
      dt: d
      data: [ 8.6648177990148554e+001, -1.8890951678948479e+001,
          6.5361991580117558e+002 ]
   - !!opencv-matrix
      rows: 3
      cols: 1
      dt: d
      data: [ 1.0358154570805885e+002, -1.5204172150129914e+001,
          5.9744639279513206e+002 ]
   - !!opencv-matrix
      rows: 3
      cols: 1
      dt: d
      data: [ 2.8394508652027916e+001, -7.0965284959821162e+001,
          5.1153997790926553e+002 ]
   - !!opencv-matrix
      rows: 3
      cols: 1
      dt: d
      data: [ 5.7120536712325503e+001, -1.2056080762604029e+001,
          6.9211799572364509e+002 ]
   - !!opencv-matrix
      rows: 3
      cols: 1
      dt: d
      data: [ -1.3026689964224701e+002, -4.5318361249175247e+001,
          5.3879835388145057e+002 ]
   - !!opencv-matrix
      rows: 3
      cols: 1
      dt: d
      data: [ -8.5263885992394677e+001, 5.8957008203254951e+001,
          4.7267830104244371e+002 ]
   - !!opencv-matrix
      rows: 3
      cols: 1
      dt: d
      data: [ 1.5365677012130755e+001, -8.7950742680634008e+001,
          4.8157234060947275e+002 ]
   - !!opencv-matrix
      rows: 3
      cols: 1
      dt: d
      data: [ 6.5266015731220477e+001, -7.1094405089477817e+001,
          5.7134094181849366e+002 ]
   - !!opencv-matrix
      rows: 3
      cols: 1
      dt: d
      data: [ 3.4929342242961825e+000, -6.7300461171609228e+001,
          7.1297489581794810e+002 ]
   - !!opencv-matrix
      rows: 3
      cols: 1
      dt: d
      data: [ 4.1507376698645587e+001, 6.4079366313440332e+001,
          4.4856520378430849e+002 ]
   - !!opencv-matrix
      rows: 3
      cols: 1
      dt: d
      data: [ -1.3768563615402610e+002, -1.7869477291653915e+001,
          6.1168041858752383e+002 ]
# Rotation vector + Translation vector
extrinsic_parameters: !!opencv-matrix
   rows: 14
   cols: 6
   dt: d
   data: [ -1.2892637061439208e-001, -9.7695041174260686e-002,
       1.0347767199349246e-005, -1.2418793578642806e+002,
       -6.6433929872826155e+001, 6.0016898212638830e+002,
       -1.0385227206309303e-001, -1.6254709126511651e-002,
       5.0795377757649152e-001, -7.3733940764098051e+001,
       -1.0478387868770490e+002, 6.2619456115826381e+002,
       4.3516185873921170e-002, -1.4567031804366576e-001,
       1.5875498608579393e+000, 6.8958570699238866e+000,
       -1.0030892609573820e+002, 6.9726554514887516e+002,
       -9.3531880147530541e-002, -1.7231261093362762e-001,
       2.4971311889682331e+000, 8.6648177990148554e+001,
       -1.8890951678948479e+001, 6.5361991580117558e+002,
       -6.0349308662068157e-001, 6.5009723120225085e-002,
       2.4260766895588666e+000, 1.0358154570805885e+002,
       -1.5204172150129914e+001, 5.9744639279513206e+002,
       5.3920356682800097e-001, -5.9101869243627980e-001,
       1.6621921074180519e+000, 2.8394508652027916e+001,
       -7.0965284959821162e+001, 5.1153997790926553e+002,
       -1.0470536212054959e+000, 3.7246924004494708e-001,
       2.1807965280482264e+000, 5.7120536712325503e+001,
       -1.2056080762604029e+001, 6.9211799572364509e+002,
       8.0854323705865050e-001, -4.9350578312756088e-001,
       3.0414258480266017e-002, -1.3026689964224701e+002,
       -4.5318361249175247e+001, 5.3879835388145057e+002,
       -4.7955866442971895e-001, -9.9165562665904061e-001,
       -1.5137177424053652e+000, -8.5263885992394677e+001,
       5.8957008203254951e+001, 4.7267830104244371e+002,
       5.9816718991426987e-001, -1.0643098713525214e+000,
       1.3411110960591022e+000, 1.5365677012130755e+001,
       -8.7950742680634008e+001, 4.8157234060947275e+002,
       2.7790925925381255e-001, -1.2345900520752258e+000,
       1.9073398587789721e+000, 6.5266015731220477e+001,
       -7.1094405089477817e+001, 5.7134094181849366e+002,
       -9.9672062611811929e-001, -1.0458706228319485e+000,
       2.0639383597287941e+000, 3.4929342242961825e+000,
       -6.7300461171609228e+001, 7.1297489581794810e+002,
       -1.4893716285276185e-001, -1.4090654173430215e+000,
       -2.2875052562090241e+000, 4.1507376698645587e+001,
       6.4079366313440332e+001, 4.4856520378430849e+002,
       8.8653305291346540e-001, 1.5502898014020891e-001,
       -4.0701335459286492e-001, -1.3768563615402610e+002,
       -1.7869477291653915e+001, 6.1168041858752383e+002 ]
